gtexV6-xena	gtexV6-recount	gtexV6-mskcc	xena-recount	xena-mskcc	recount-mskcc
MMP23B	361	3	215	3	0	1
PEX10	0	1429	0	1185	0	963
FAM213B	0	193	0	0	0	0
MMEL1	24	25	21	0	0	0
RPL22	0	0	0	122	0	360
ICMT	0	38	0	0	0	0
THAP3	0	97	0	47	0	20
CAMTA1	1871	0	1873	1868	0	1871
UTS2	0	424	0	425	0	425
TARDBP	1890	0	0	1890	1890	0
NPPA	3	4	3	109	0	118
DDI2	0	215	0	0	0	0
SZRD1	136	1681	274	0	0	0
SPATA21	0	898	0	898	0	898
IFFO2	17	526	20	0	0	0
UBR4	244	0	298	256	0	326
MINOS1	1890	1423	1890	698	0	790
NBL1	1781	1793	1786	0	0	0
LDLRAD2	22	1811	196	1805	0	1801
CELA3A	0	9	0	19	0	18
RCAN3	0	21	0	0	0	0
AUNIP	0	548	0	548	0	548
ZNF593	1	0	1	1774	0	1774
SH3BGRL3	1862	1890	1864	0	0	0
UBXN11	0	42	0	71	0	51
EPB41	0	65	0	0	0	0
TMEM200B	94	1276	107	243	0	154
IQCC	0	0	0	0	0	23
DCDC2B	0	83	0	95	0	95
TSSK3	0	357	0	347	0	322
SYNC	0	284	0	665	0	145
HPCA	0	267	0	267	0	267
EVA1B	0	54	0	2	0	3
C1orf122	73	10	13	0	0	0
MYCBP	108	996	133	0	0	0
MACF1	400	0	483	563	0	708
BMP8A	0	0	0	30	0	25
HYI	0	57	0	0	0	0
MMACHC	0	1841	0	1861	0	1867
ZCCHC11	8	0	0	145	0	37
ECHDC2	0	0	0	362	0	334
TMEM59	0	0	0	121	0	0
FAM151A	0	181	0	204	0	204
TTC4	79	937	118	0	0	0
FGGY	18	0	18	94	0	77
RAVER2	0	33	0	0	0	0
LRRC8D	7	101	7	0	0	0
AMY2A	0	52	0	47	0	47
AMY1A	0	20	0	19	0	19
AMY1B	0	170	1	169	0	168
AMY1C	63	60	55	2	0	2
GPSM2	0	49	0	35	0	32
GNAI3	1842	1842	1	0	866	0
GSTM2	0	1	0	1042	0	975
GSTM1	0	389	0	389	0	389
NBPF9	0	10	323	3	0	0
PDE4DIP	0	0	1078	663	0	1686
NOTCH2NL	33	0	305	0	0	11
NBPF10	1	0	0	4	1040	0
NUDT17	0	746	0	964	0	963
NBPF11	6	754	334	22	0	8
NBPF12	2	1262	0	24	0	699
NBPF14	54	35	0	1	40	14
NBPF15	5	224	3	0	0	0
HIST2H4A	74	69	53	0	1	1
HIST2H2AA3	1412	1663	0	20	1412	1663
HIST2H2AA4	694	1644	1680	479	574	0
HIST2H4B	3	69	12	16	3	10
C1orf54	0	19	0	157	0	189
ANXA9	2	0	2	191	0	193
C1orf56	0	807	0	1684	0	1708
SPRR2B	4	218	2	232	1	228
SPRR2G	53	0	54	65	0	65
RPS27	1890	677	1890	1890	0	1890
PYGO2	4	0	1	208	0	213
CKS1B	350	0	8	2	1381	43
EFNA3	32	217	35	0	0	0
HCN3	3	35	3	0	0	0
SSR2	0	20	0	0	0	0
BGLAP	0	62	0	86	0	87
TMEM79	0	203	0	250	0	256
C1orf204	0	35	0	32	0	32
DCAF8	916	269	896	0	0	0
PEX19	502	1444	804	0	0	0
F11R	1182	1395	1191	0	0	0
TOMM40L	33	92	33	0	0	0
SDHC	0	558	0	1838	0	1070
C1orf226	13	269	13	0	0	0
MGST3	3	0	163	1747	0	1832
ATP1B1	0	150	0	0	0	0
NME7	0	56	89	49	81	1
IER5	361	0	0	0	0	0
ARPC5	0	29	0	0	0	0
CFHR1	3	210	3	238	0	238
PPP1R12B	1049	1030	928	0	0	0
YOD1	2	79	2	0	0	0
H3F3A	1890	1757	1889	844	0	68
JMJD4	49	0	57	0	0	0
RHOU	7	0	0	0	86	0
ACTA1	0	38	0	465	0	474
NTPCR	1383	0	1446	1002	0	1163
RBM34	1746	1397	1765	0	0	0
EDARADD	0	168	0	192	0	190
LGALS8	121	72	145	0	0	0
HEATR1	0	0	0	204	0	296
CHRM3	6	94	6	0	0	0
OPN3	0	26	0	19	0	20
SDCCAG8	6	0	213	0	0	0
COX20	80	0	25	133	0	66
TRAPPC12	46	0	31	147	0	99
RPS7	0	1890	0	1890	0	1890
ADAM17	0	4	0	27	0	19
ATP6V1C2	1	1728	1	1728	0	1728
FAM84A	19	42	7	0	0	0
RDH14	68	840	63	0	0	0
GDF7	0	7	0	0	1	42
FKBP1B	14	112	15	0	0	0
FAM228B	343	0	69	0	0	0
CENPO	0	1002	0	1034	0	1024
CGREF1	0	107	0	100	0	100
TCF23	0	1	0	0	0	27
IFT172	59	0	59	39	0	39
PPP1CB	67	687	84	0	0	0
SPDYA	0	1226	0	1224	0	1226
MEMO1	531	0	567	0	0	0
SLC3A1	1	42	1	42	0	42
PREPL	0	23	0	0	0	0
RHOQ	733	1354	721	0	0	0
PIGF	0	112	0	97	0	74
CALM2	1	749	0	0	0	0
STON1-GTF2A1L	0	490	0	461	0	426
GTF2A1L	3	200	0	4	0	19
GPR75-ASB3	7	502	7	0	0	0
RPS27A	0	1890	0	415	0	362
CCDC85A	56	0	56	118	0	121
VRK2	0	61	0	0	0	0
KIAA1841	0	0	146	0	102	116
USP34	66	0	94	0	0	0
AAK1	124	38	0	0	23	7
ZNF638	45	0	57	1	0	0
BOLA3	0	1521	0	47	0	35
MTHFD2	0	19	0	13	0	7
SLC4A5	30	159	29	0	0	0
DCTN1	7	0	19	0	0	0
WBP1	47	104	56	0	0	0
CCDC142	0	91	0	171	0	209
GGCX	0	460	0	274	0	210
CHMP3	1789	1724	1798	0	0	0
RNF103	37	0	19	0	0	0
RGPD1	9	76	4	66	0	66
PLGLB1	83	89	84	0	0	0
PLGLB2	24	2	23	2	0	2
RGPD2	3	92	2	83	0	82
ANKRD39	3	14	1	10	0	10
LIPT1	2	22	2	0	0	0
EIF5B	15	0	23	0	0	0
RPL31	1889	0	1889	1890	0	1890
RGPD5	9	7	35	0	1	0
KYNU	0	84	0	26	0	11
NEB	21	0	34	6	0	17
MARCH7	0	69	0	86	0	46
CD302	1	1008	0	888	0	834
CERS6	35	0	7	130	0	0
ATP5G3	78	0	45	148	0	107
HOXD11	1	168	1	0	0	0
MOB4	279	1230	266	0	0	0
WDR12	104	0	122	31	0	44
NBEAL1	0	1329	0	1290	0	1305
ABI2	0	34	0	29	0	29
RAPH1	0	39	0	1	0	1
RPE	0	28	0	0	0	0
FN1	0	0	0	49	0	40
RPL37A	1880	0	1884	1890	0	1890
NHEJ1	58	164	60	0	0	0
TUBA4A	217	30	297	0	0	0
DES	1	3	1	23	0	25
SP100	0	0	0	54	0	56
UGT1A1	132	444	100	425	76	407
UGT1A10	0	402	0	403	0	401
UGT1A7	0	299	0	284	0	283
UGT1A6	102	465	95	284	0	291
UGT1A4	19	522	17	525	0	526
UBE2F	1412	55	1569	0	0	0
SCLY	42	0	45	0	0	0
TWIST2	0	0	0	0	0	519
TTLL3	1650	1449	1638	0	0	0
TATDN2	478	1636	358	0	0	0
ATG7	0	394	0	184	0	131
VGLL4	246	1139	287	0	0	0
RPL32	0	0	0	482	0	514
NR2C2	233	1260	0	0	0	768
SH3BP5	9	0	3	36	0	10
RAB5A	0	21	0	0	0	0
RPL15	17	0	14	898	0	1200
CMC1	210	10	224	28	0	26
CMTM6	30	828	31	0	0	0
DLEC1	0	117	0	120	0	120
WDR48	0	36	0	0	0	0
RPSA	0	0	0	1742	0	1869
RPL14	0	1890	0	1890	0	1890
EXOSC7	0	87	0	63	0	58
PRSS45	0	0	3	13	0	50
KIF9	63	0	60	0	0	0
CCDC51	0	58	0	534	0	583
DALRD3	0	90	0	404	0	73
NICN1	0	2	0	24	0	47
LSMEM2	0	945	0	945	0	945
TUSC2	0	44	0	210	0	180
CYB561D2	931	0	5	1000	155	39
TMEM115	24	0	17	0	0	0
ACY1	445	262	446	0	0	0
SPCS1	0	1531	0	0	0	0
ITIH4	232	456	235	0	0	0
MUSTN1	707	1498	742	121	0	80
TMEM110	8	376	8	3	0	0
PSMD6	0	64	0	0	0	0
SLC25A26	0	153	0	21	0	21
CRYBG3	11	352	184	0	0	0
CPOX	0	1	0	38	0	40
PLCXD2	65	0	64	65	0	64
ZBTB20	0	39	0	39	0	39
KALRN	29	0	14	20	0	11
RAB43	2	276	2	8	0	2
ISY1	340	1300	737	0	0	0
ACAD11	1025	1509	1043	0	0	0
HPS3	2	107	6	106	0	105
P2RY1	0	1	0	0	0	122
IQCJ-SCHIP1	476	919	441	1	0	3
SCHIP1	52	1000	86	880	0	820
TRIM59	0	27	0	26	0	22
GNB4	0	39	0	0	0	384
TTC14	14	38	41	0	0	0
B3GNT5	86	137	87	0	0	0
MUC20	547	674	434	0	0	0
MYL5	0	106	0	15	0	12
LRPAP1	0	27	0	0	0	0
CPZ	57	202	59	0	0	0
FAM200B	16	0	24	0	0	0
FGFBP2	0	13	0	22	0	22
PI4K2B	19	0	0	249	25	0
STIM2	0	26	0	11	0	11
C4orf19	54	167	53	0	0	0
RELL1	0	0	0	23	0	24
RPL9	1608	26	1671	1890	0	1890
PDGFRA	128	993	125	0	0	0
NOA1	1421	0	1445	0	0	0
MUC7	0	7	0	59	0	59
ENAM	0	171	0	171	0	171
AREG	10	483	6	0	1	14
FAM47E	0	0	76	0	80	74
FAM47E-STBD1	5	233	0	104	1	566
PAQR3	0	19	0	1	0	1
HERC3	53	47	2	19	0	11
EIF4E	1240	0	1084	851	0	609
ADH1A	5	241	5	276	0	276
SLC9B2	0	77	0	153	0	155
RPL34	0	8	0	1884	0	1889
FGF2	0	351	0	0	0	0
RPS3A	0	2	1	1890	0	1890
SH3D19	0	48	0	235	0	232
CBR4	0	161	0	302	0	301
UFSP2	0	43	0	87	0	84
PDLIM3	0	39	0	0	0	0
SORBS2	117	0	130	191	0	205
SLC9A3	71	0	64	424	0	424
TPPP	0	148	0	0	0	17
PAPD7	1555	0	0	1087	595	0
ANKRD33B	0	21	0	0	0	21
SUB1	0	0	0	738	0	780
NPR3	1	44	0	0	0	0
AMACR	3	22	4	0	0	0
C1QTNF3	30	94	26	0	0	0
RPL37	1889	0	1890	1890	0	1890
CCDC152	50	1890	60	1890	0	1889
SKIV2L2	0	52	0	43	0	51
SERF1A	0	52	0	38	0	41
SMN1	75	164	110	0	0	0
NSA2	1	83	3	0	0	0
MTX3	0	1	0	0	0	50
SERINC5	0	16	0	0	0	127
ATG10	0	1870	0	1869	0	1870
RPS23	1	3	0	1890	0	1890
LNPEP	0	0	33	0	0	4
SLCO4C1	0	5	0	0	0	29
TMED7	1131	1884	1123	0	0	0
ALDH7A1	0	2	0	1296	0	1468
SKP1	1546	0	1661	1890	0	1890
C5orf24	512	1465	564	0	0	0
H2AFY	0	0	0	50	0	39
HNRNPA0	1889	0	2	0	0	0
EIF4EBP3	1	1117	5	225	0	12
NDUFA2	1890	1890	1890	0	0	0
PCDHGA1	0	1647	0	1647	0	1647
PCDHGA2	0	1624	0	1624	0	1624
PCDHGA3	0	1726	0	1726	0	1726
PCDHGB1	0	1728	0	1728	0	1728
PCDHGA4	0	1726	0	1726	0	1726
PCDHGB2	0	1733	0	1733	0	1733
PCDHGA5	0	1676	0	1676	0	1676
PCDHGB3	0	1728	0	1728	0	1728
PCDHGA6	0	1552	0	1552	0	1552
PCDHGA7	0	1694	0	1694	0	1694
PCDHGB4	0	1617	0	1617	0	1617
PCDHGA8	0	1513	0	1513	0	1513
PCDHGA9	0	1734	0	1734	0	1734
PCDHGB6	0	1629	0	1629	0	1629
PCDHGA10	0	1639	0	1639	0	1639
PCDHGB7	0	1727	0	1727	0	1727
PCDHGA11	0	1674	0	1674	0	1674
PCDHGA12	0	1731	0	1731	0	1731
PCDHGC3	168	689	0	0	220	1310
PCDHGC5	0	1717	0	1717	0	1717
RELL2	0	14	0	141	0	150
ATOX1	1863	0	1870	1882	0	1883
MRPL22	0	0	0	72	0	0
CYFIP2	66	0	63	21	0	18
NPM1	0	0	0	107	0	184
HRH2	0	84	0	77	0	131
FAM153B	23	0	33	9	0	9
NOP16	0	10	0	5	0	17
MXD3	0	794	0	985	0	1025
GRK6	0	82	0	88	0	87
TRIM52	0	81	0	0	0	0
FOXQ1	162	0	2	267	0	0
NQO2	0	50	0	100	0	167
TUBB2B	0	596	0	768	0	776
PSMG4	282	95	350	11	0	12
SLC22A23	0	397	1	0	0	0
C6orf201	0	104	0	104	0	104
LYRM4	20	0	28	0	0	0
TXNDC5	862	1887	1336	8	3	0
MBOAT1	25	0	0	0	0	0
PRL	0	2	0	102	0	111
ABT1	23	0	1	0	0	0
HIST1H4I	0	54	0	67	0	69
UBD	0	54	0	0	0	0
HLA-G	0	896	0	915	0	915
ZNRD1	1	49	0	0	0	0
PPP1R11	50	1242	41	0	0	0
TRIM39	0	646	0	0	0	0
SFTA2	0	68	0	79	0	77
DDX39B	1890	1890	1890	0	0	0
ABHD16A	1305	913	1288	0	0	0
MSH5	144	77	220	0	0	0
HSPA1B	0	935	0	68	0	113
CFB	1098	833	1205	0	0	0
C4A	1565	1315	1577	0	0	0
C4B	1565	1360	1584	0	0	0
CYP21A2	0	374	0	366	0	361
AGPAT1	266	1553	226	0	0	0
HLA-DRB5	8	1210	7	1203	0	1198
HLA-DRB1	1	960	0	969	0	991
HLA-DQA1	58	68	64	0	0	0
HLA-DQB1	97	125	95	32	0	29
HLA-DQB2	0	189	0	158	0	158
PFDN6	0	120	0	0	0	0
UQCC2	0	54	0	28	0	17
NUDT3	55	48	109	985	0	1249
RPS10	1890	1890	1890	1792	0	1818
CLPS	0	7	0	14	0	17
SRPK1	0	32	0	0	0	0
MOCS1	0	369	0	301	0	278
UNC5CL	20	0	16	0	0	0
PRICKLE4	0	403	0	1069	0	603
PEX6	20	0	12	35	0	34
CRIP3	0	24	0	22	0	22
RSPH9	16	359	17	396	0	396
GSTA2	7	0	6	33	0	31
DST	1395	0	1473	1509	0	1560
BAG2	0	105	7	95	0	0
SMAP1	0	427	0	0	0	0
B3GAT2	0	91	0	91	0	91
OGFRL1	2	484	2	0	0	0
EEF1A1	1789	0	1802	193	0	220
SLC35A1	469	1672	448	0	0	0
HDAC2	0	0	0	26	0	9
SOGA3	0	48	0	48	0	48
KIAA0408	3	48	3	0	0	0
TBPL1	24	22	54	0	0	0
HEBP2	0	282	0	0	0	0
SYNE1	4	0	6	21	0	21
SOD2	21	0	38	23	0	38
PLG	19	0	14	35	0	27
WDR27	52	0	28	0	0	0
GET4	1829	1768	1828	0	0	0
ADAP1	540	556	583	0	0	0
COX19	0	85	0	380	0	331
MAFK	44	909	62	20	0	5
TMEM184A	0	442	0	431	0	419
MAD1L1	37	0	36	34	0	32
CHST12	0	646	0	0	0	0
CCZ1B	124	0	89	36	0	17
HOXA9	286	430	275	0	0	0
JAZF1	87	830	82	0	0	0
AQP1	1719	1801	1721	0	0	0
PSMA2	1890	1889	1890	0	0	0
COA1	93	0	215	22	0	67
PPIA	0	0	1	1888	0	1890
MRPS17	0	697	10	697	10	0
PHKG1	0	790	0	869	0	892
ERV3-1	13	108	13	0	0	0
CRCP	24	1623	59	0	0	0
KCTD7	0	20	0	243	0	109
RABGEF1	271	1563	407	0	0	0
TYW1	0	1	0	109	0	110
POM121	0	0	0	12	0	25
TRIM74	7	0	0	29	1	0
GTF2I	21	0	1018	0	4	5
GTF2IRD2	51	0	77	0	0	0
GTF2IRD2B	296	0	721	0	0	0
CYP51A1	82	565	86	0	0	0
LRRD1	0	532	0	532	0	532
PTCD1	0	958	0	956	0	676
ATP5J2	1641	0	1751	1189	0	1478
GATS	0	0	71	0	19	155
PILRA	0	169	0	267	0	262
SAP25	225	0	492	380	0	652
MUC12	15	0	44	3	0	4
TRIM56	0	117	0	0	0	1095
ZNHIT1	56	1769	36	0	0	0
POLR2J	39	1	11	0	0	0
RASA4B	61	940	18	1	0	3
POLR2J3	640	0	409	665	0	308
RASA4	1180	34	1058	0	0	0
COG5	0	25	0	37	0	43
DNAJB9	27	0	15	0	0	0
NAA38	1478	690	0	0	474	80
GCC1	0	0	0	241	0	241
FSCN3	0	806	0	806	0	806
OPN1SW	0	0	0	50	0	50
TNPO3	0	0	2	0	0	42
AKR1B15	20	0	27	5	0	11
C7orf49	131	0	193	0	0	0
TMEM140	355	1547	351	6	0	4
C7orf73	63	3	0	0	0	0
MTPN	0	94	0	0	0	327
C7orf55-LUC7L2	735	1890	675	60	0	54
NDUFB2	222	0	161	1523	0	1524
MRPS33	0	9	0	409	0	285
SSBP1	0	5	0	128	0	145
EPHA1	0	579	0	382	0	384
ARHGEF35	0	19	0	0	0	0
CTAGE8	4	69	2	9	0	12
NOS3	0	38	0	19	0	22
DNAJB6	0	9	0	187	0	294
DEFA1	234	286	315	8	0	2
DEFA3	23	14	23	61	0	62
DEFB4B	14	47	14	54	0	54
PDGFRL	0	77	0	230	0	99
MTUS1	372	75	740	0	0	0
ASAH1	0	178	0	0	0	2
PDLIM2	1699	3	1572	1105	0	419
SLC25A37	0	19	0	0	0	0
ZNF395	1135	1820	1159	0	0	0
FBXO16	0	676	0	686	0	688
BRF2	0	538	1	915	0	799
RAB11FIP1	44	0	0	37	0	0
PCMTD1	4	92	0	0	0	0
PDE7A	11	43	11	0	0	0
SGK3	3	19	3	0	0	0
RPL7	1890	0	1890	1890	0	1890
FABP5	1640	0	1684	1360	0	1598
E2F5	0	59	0	7	0	8
NECAB1	0	143	0	0	0	0
RBM12B	0	54	0	0	0	0
UQCRB	1082	0	1200	1890	0	1890
RPL30	1538	0	1515	1593	0	1568
COX6C	30	0	66	137	0	202
ZNF706	356	0	360	218	0	217
ENY2	0	0	0	401	0	484
MAL2	0	444	0	0	0	0
SNTB1	3	97	3	0	0	0
MTSS1	14	50	13	0	0	0
TRAPPC9	11	204	0	0	0	0
AGO2	0	24	0	0	0	164
LYNX1	222	0	222	206	0	204
GLI4	70	274	84	0	0	0
EEF1D	34	0	6	1828	0	1601
MROH1	317	407	5	0	0	0
BOP1	927	1538	720	0	0	0
SLC39A4	0	0	0	33	0	24
FOXH1	0	1042	0	1043	0	1043
LRRC14	6	49	4	0	0	0
ZNF7	256	0	287	0	0	0
COMMD5	229	1144	224	0	0	0
CBWD1	1097	0	1213	747	0	946
CD72	0	330	0	325	0	326
ARHGEF39	0	806	0	802	0	785
CREB3	26	0	25	0	0	0
FBXO10	0	29	0	0	0	0
TOMM5	1884	1336	1886	0	0	0
CNTNAP3B	336	15	69	0	1	0
CBWD5	1560	0	1195	1553	0	1082
CBWD3	352	0	1	208	78	0
CENPP	0	51	0	51	0	52
C9orf129	0	329	0	329	0	329
C9orf3	1198	0	1368	284	0	457
TMOD1	0	86	0	111	0	100
TSTD2	0	518	0	301	0	336
TRIM14	0	0	0	49	0	47
AKAP2	1084	1401	1085	0	0	0
GNG10	636	1721	629	0	0	0
SLC31A2	182	641	167	3	0	3
CDC26	34	0	51	0	0	0
RGS3	0	0	0	43	0	22
ORM2	0	36	0	34	0	35
GSN	33	0	30	9	0	8
STOM	4	68	0	0	0	0
RPL12	0	0	0	79	0	58
PTRH1	196	59	196	23	0	22
SPTAN1	64	0	0	31	61	0
ENDOG	0	790	0	1060	0	1039
ASB6	0	0	0	3	0	85
GBGT1	44	153	51	0	0	0
C9orf172	0	73	0	0	0	449
LCNL1	2	53	2	0	0	0
TPRN	11	0	11	18	0	19
FAM166A	0	426	0	426	0	426
NRARP	59	0	2	0	0	0
NOXA1	73	0	67	1246	0	1253
EHMT1	0	0	0	8	0	25
AKR1C1	114	0	0	0	0	0
CALML3	320	0	0	0	0	0
FRMD4A	447	7	336	0	0	0
RPP38	23	696	18	0	0	0
TMEM236	4	79	3	0	1	37
MRC1	101	610	0	0	106	566
BMI1	460	1448	501	0	0	0
CXCL12	215	66	216	0	0	0
ZNF22	30	0	22	0	0	0
AGAP4	226	194	9	0	7	8
AGAP9	307	1212	6	0	2	1177
FAM25G	43	31	53	8	0	16
ANXA8	286	284	244	0	22	17
FAM25C	51	12	41	19	1	13
TIMM23B	0	5	0	0	2	34
MSMB	0	163	0	1	0	1
PHYHIPL	0	235	0	232	0	229
DNAJC9	23	0	31	0	0	0
ZSWIM8	50	0	49	0	0	0
NDST2	1126	1850	965	44	0	87
C10orf55	0	23	0	23	0	23
C10orf11	190	0	5	138	0	0
KCNMA1	34	0	16	15	0	11
RPS24	1809	0	1814	1890	0	1890
EIF5AL1	97	0	97	1647	0	1647
PI4K2A	19	1481	17	0	0	0
HPSE2	0	1	0	0	1	137
ERLIN1	267	0	343	0	0	0
FBXL15	300	0	376	0	0	0
AS3MT	20	388	20	0	0	1
CNNM2	0	236	0	292	0	291
BBIP1	0	83	0	4	0	4
HABP2	0	28	0	4	0	4
NRAP	0	73	0	73	0	73
NHLRC2	0	41	0	0	0	166
PNLIP	0	6	0	149	0	147
SLC18A2	27	0	0	67	0	0
PDZD8	0	2	0	20	0	17
FAM204A	0	0	0	1023	0	933
FAM45A	13	0	28	0	0	0
ZRANB1	5	0	0	885	0	0
NKX6-2	12	412	0	408	1	413
PRAP1	213	216	208	0	0	0
MTG1	163	200	188	0	0	0
SPRN	7	46	7	0	0	0
RPLP2	6	24	4	0	0	0
POLR2L	146	0	116	0	0	0
MUC5AC	126	0	0	0	5	0
TOLLIP	0	52	0	0	0	0
MRPL23	0	1	0	63	0	121
IGF2	476	1072	461	0	0	0
HBD	0	55	0	66	0	66
HBG1	3	20	0	26	3	18
HBG2	31	0	0	0	0	0
TAF10	0	412	0	225	0	240
EIF3F	104	0	100	1415	0	1464
TUB	0	110	0	0	0	0
RPL27A	1889	0	1889	1890	0	1890
MTRNR2L8	53	209	53	180	0	180
CSNK2A3	487	0	487	1479	0	1479
PSMA1	1452	11	631	1890	1890	0
RPS13	0	37	0	0	0	0
NUCB2	68	0	480	16	0	66
SAA4	18	4	15	93	0	96
FIBIN	0	0	0	0	0	19
IMMP1L	49	0	48	40	0	41
EIF3M	0	0	0	351	0	494
C11orf96	1584	1660	1425	0	0	0
TSPAN18	1	89	1	0	0	0
TP53I11	1462	1397	1464	0	0	0
KBTBD4	0	1	298	2	0	968
PTPRJ	0	3	0	0	0	106
DTX4	5	145	5	0	0	0
PGA3	332	124	312	3	0	1
PGA4	225	176	257	1	0	12
PGA5	47	263	119	120	145	264
CYB561A3	1210	5	1180	0	0	0
SDHAF2	1553	0	1607	254	0	416
BEST1	6	1890	5	1890	0	1890
INTS5	0	147	0	0	0	0
BSCL2	1410	1786	1584	0	0	0
SNX32	0	1707	0	1706	0	1706
SLC29A2	1	0	0	86	0	84
BBS1	1138	1541	1148	0	0	0
RBM4	1888	1866	1888	0	0	0
LRFN4	81	623	77	0	0	0
PTPRCAP	502	0	14	442	0	0
TMEM134	0	11	0	193	0	20
TPCN2	0	51	0	90	0	89
CCND1	0	35	0	0	0	0
IL18BP	0	1687	0	1393	0	1400
ANAPC15	709	0	435	0	0	0
CHRDL2	40	0	40	32	0	32
RNF169	0	149	0	21	0	61
SPCS2	221	0	734	2	0	36
RPS3	594	0	1620	367	0	1263
KCTD14	3	205	1	0	0	0
PCF11	29	0	2	0	0	0
FZD4	10	687	9	1	0	1
ALG9	141	0	104	0	0	0
C11orf52	169	427	180	0	0	0
TIMM8B	47	301	47	0	0	0
SDHD	0	0	1890	0	1889	1890
C11orf71	2	314	0	0	0	179
RBM7	112	3	119	0	0	0
PCSK7	111	869	651	704	38	113
FXYD2	66	0	66	63	0	63
UBE4A	0	87	0	337	0	154
TREH	0	1450	0	1461	0	1461
CXCR5	0	1604	3	1603	0	1592
CCDC153	0	75	0	75	0	75
CLMP	0	1	0	0	0	260
HEPACAM	0	8	0	23	0	21
JAM3	0	69	0	0	0	0
DYRK4	16	0	6	1386	0	1311
NDUFA9	514	0	2	756	0	30
CD27	0	18	0	189	0	201
VAMP1	46	1332	82	0	0	0
EMG1	3	32	0	263	0	107
C1RL	0	15	0	291	0	257
PHC1	1047	1578	1182	3	0	3
M6PR	15	15	14	0	0	0
PRR4	18	0	61	1	0	6
APOLD1	0	83	0	597	0	593
DDX47	1723	1627	1729	0	0	0
WBP11	93	0	1	0	0	0
C12orf60	0	1378	0	1378	0	1378
MGST1	35	0	139	497	0	715
PYROXD1	1	349	0	1	0	4
RECQL	0	0	0	106	0	51
KRAS	0	717	0	0	0	0
SSPN	0	30	0	0	0	115
H3F3C	5	1269	5	1344	0	1344
SLC48A1	120	985	133	0	0	0
ARF3	1776	1852	1796	0	0	0
FMNL3	0	2	0	27	0	1
KRT75	0	194	0	194	0	194
KRT6B	0	1	0	19	0	19
KRT6C	0	3	0	44	0	45
KRT2	0	17	0	19	0	18
KRT1	0	14	0	48	0	54
KRT79	0	128	0	128	0	128
HOXC4	0	11	1	0	3	41
HNRNPA1	760	0	834	565	0	654
SARNP	524	57	541	0	0	0
DNAJC14	8	581	9	7	0	6
MMP19	193	0	142	261	0	197
RAB5B	1	0	91	0	0	1
RPS26	1890	230	1890	1890	0	1890
RPL41	1880	0	1886	1815	0	1858
ZC3H10	108	0	0	0	0	0
MYL6B	0	1207	0	951	0	905
ANKRD52	0	43	0	0	0	0
CNPY2	1845	618	1811	0	0	0
SPRYD4	12	46	22	0	0	0
RBMS2	0	3	0	0	0	48
NACA	1885	0	1889	1890	0	1890
TAC3	0	79	0	85	0	85
NDUFA4L2	692	697	672	0	0	0
B4GALNT1	0	152	0	57	0	50
TSFM	138	175	151	0	0	0
USP15	0	0	0	496	0	353
AVPR1A	0	9	0	0	0	75
RASSF3	0	136	0	0	0	0
MSRB3	394	1359	390	0	0	0
TMBIM4	1889	1890	1889	0	0	0
RAP1B	0	0	0	1880	0	1877
MDM2	612	24	529	1	0	0
RAB3IP	30	0	1	4	0	0
ATXN7L3B	1875	0	5	1	0	0
NAP1L1	0	0	0	1574	0	1760
CSRP2	0	495	0	0	0	0
MRPL42	0	0	0	99	0	123
TMPO	0	74	0	73	0	73
C12orf45	0	6	0	96	0	0
PPTC7	1	477	0	0	0	2
ALDH2	7	873	2	0	0	0
MAPKAPK5	0	44	0	0	0	0
RPL6	0	8	0	1890	0	1890
PLBD2	0	4	0	0	0	572
MAP1LC3B2	860	0	868	772	0	783
GATC	0	1881	0	1878	0	1878
C12orf43	0	37	0	28	0	19
TMEM120B	1	51	0	97	0	86
RHOF	0	495	14	76	0	11
PSMD9	0	1647	0	15	0	28
B3GNT4	0	38	0	35	0	35
DIABLO	1772	12	1762	0	0	0
VPS33A	0	1823	0	1720	0	1714
VPS37B	278	932	334	0	0	0
ABCB9	0	21	0	13	0	14
RILPL2	1421	4	1	0	262	0
PGAM5	38	625	122	0	0	0
ZNF10	140	444	177	0	0	0
ZDHHC20	0	115	0	0	0	410
C1QTNF9B	25	0	25	34	0	33
SPATA13	870	222	0	26	194	4
PABPC3	0	382	0	382	0	382
RPL21	1890	1	1890	1890	0	1890
POLR1D	0	0	0	1362	0	1418
ATP5EP2	1	1803	1	1799	0	1801
DNAJC15	102	0	0	0	0	0
TPT1	0	13	0	732	0	7
ITM2B	0	86	0	500	0	3
TRIM13	46	7	122	0	0	0
HNRNPA1L2	17	260	0	1739	0	1562
SUGT1	172	0	182	111	0	112
FARP1	0	0	0	1	0	55
FGF14	0	22	0	22	0	2
BIVM	13	300	15	0	0	0
PNP	25	17	25	0	0	0
ANG	929	1562	871	0	0	0
MRPL52	0	0	0	63	0	83
PPP1R3E	392	338	400	0	0	0
BCL2L2-PABPN1	6	1890	100	1890	65	1890
MYH7	0	15	0	28	0	28
IRF9	1091	474	1114	0	0	0
CHMP4A	20	0	30	0	0	0
NEDD8	1890	1871	1890	2	0	2
NOP9	0	219	0	279	0	274
KHNYN	0	170	0	12	0	9
PSMA6	1837	2	1840	4	0	0
RPS29	1858	1889	1866	1890	0	1890
MGAT2	33	0	18	46	0	3
ARF6	61	0	1	0	0	0
GNG2	126	206	143	0	0	0
C14orf166	0	1590	0	347	0	12
CHURC1	1485	1342	1586	0	0	0
FNTB	1	323	1	0	0	0
PIGH	0	97	0	1	0	1
ARG2	0	867	0	1232	0	1202
SYNJ2BP	0	0	0	0	0	30
ACOT1	0	94	0	452	0	379
ZNF410	1616	1210	1598	0	0	0
FAM161B	0	117	0	261	0	310
ENTPD5	13	48	13	0	0	0
VASH1	0	158	0	7	0	5
GSTZ1	0	30	0	41	0	28
SLIRP	2	0	2	384	0	337
ZC3H14	0	1	0	29	0	25
PSMC1	0	460	0	1827	0	1683
TTC7B	0	5	0	891	0	34
ATXN3	15	0	0	75	4	0
NDUFB1	93	0	86	1656	0	1662
IFI27	0	0	0	688	0	480
CCDC85C	13	194	23	23	0	24
DEGS2	0	32	0	38	0	41
SLC25A29	1521	1403	1529	0	0	0
PPP2R5C	19	0	6	15	0	5
AMN	0	1136	0	1146	0	1145
KLC1	0	0	0	819	0	818
APOPT1	178	0	405	0	0	0
ZFYVE21	0	24	0	0	0	0
PLD4	0	470	0	470	0	470
CDCA4	0	70	0	0	0	0
BTBD6	29	0	20	0	0	0
SNRPN	1746	1785	258	0	1732	1784
SNURF	24	1884	0	1882	27	1884
GOLGA8H	0	30	0	29	0	29
MTMR10	0	168	0	0	0	0
GOLGA8O	0	183	5	170	0	57
GOLGA8N	276	224	127	0	4	2
GREM1	90	17	3	0	0	0
GOLGA8A	0	25	0	20	0	15
ZNF770	0	403	0	393	0	397
PAK6	0	103	47	98	45	0
DNAJC17	0	26	0	1	0	11
PLA2G4B	31	556	40	126	0	15
JMJD7	145	1384	268	451	0	44
TUBGCP4	1	0	0	78	0	0
CKMT1B	7	6	16	0	0	0
CKMT1A	4	98	1	0	0	0
ELL3	88	125	88	0	0	0
SERF2	1876	0	1881	1873	0	1881
B2M	0	0	0	1809	0	1883
DUOXA2	0	390	0	531	0	535
SLC24A5	0	24	0	24	0	23
DTWD1	0	0	0	23	0	739
CCPG1	25	12	23	0	0	0
GCOM1	0	442	112	565	133	249
MYZAP	697	1218	569	0	8	232
POLR2M	102	560	178	0	0	0
ANXA2	0	0	0	922	0	949
RPS27L	0	0	0	1854	0	1803
SNX22	0	1648	0	1698	0	1687
SLC51B	1	0	1	19	0	19
RASL12	0	91	0	0	0	0
CALML4	9	81	34	0	0	0
RPLP1	0	67	0	0	0	0
HEXA	0	3	0	20	0	19
ARIH1	0	7	0	91	0	2
CLK3	0	0	0	956	0	1014
CPLX3	63	0	92	113	0	130
MPI	0	41	0	11	0	10
NEIL1	0	79	0	0	0	0
RCN2	0	33	0	0	0	0
ACSBG1	0	229	0	229	0	228
TMED3	0	1639	0	1661	0	1612
MTHFS	96	328	270	734	690	0
MESDC1	41	0	0	0	0	0
GOLGA6L9	35	142	2	0	32	131
RPS17	1890	1890	1890	399	209	4
C15orf40	0	0	0	30	0	6
NTRK3	0	0	8	0	6	21
MRPL46	0	288	0	0	0	0
ISG20	0	0	0	23	0	30
AP3S2	111	397	103	0	0	0
MEF2A	0	98	0	0	0	0
LYSMD4	0	10	0	20	0	111
HBA2	2	186	2	10	0	9
HBA1	26	1181	10	56	0	89
ARHGDIG	0	29	0	125	0	121
JMJD8	0	53	0	6	0	17
TPSG1	26	146	24	462	0	462
TPSD1	0	39	0	299	0	210
UNKL	4	13	15	0	0	0
EME2	0	1737	0	1335	0	1284
FAHD1	133	434	177	0	0	0
NOXO1	43	86	43	0	0	0
GFER	49	352	104	0	0	0
PKD1	145	0	115	0	0	0
CASKIN1	0	62	0	63	0	63
PGP	0	24	0	0	0	0
DNASE1L2	0	0	0	95	0	110
RNPS1	49	0	46	0	0	0
ATP6V0C	1890	1890	1890	0	0	0
PAQR4	1	140	0	0	0	0
TIGD7	0	78	2	0	0	0
NAA60	1807	1684	1661	0	0	0
PAM16	767	2	744	0	0	0
CORO7	1050	405	1078	0	0	0
ABAT	58	87	58	0	0	0
TMEM186	0	292	0	12	0	12
C16orf72	0	0	0	0	1	25
SNN	353	1552	349	0	0	0
NPIPA3	170	1668	69	1311	0	1533
NPIPA2	1	1131	4	1079	0	879
NPIPA1	863	0	594	6	0	0
NDE1	0	1286	4	1051	0	1001
NOMO3	40	9	889	3	54	35
NPIPA7	255	1827	1660	1426	1164	182
NOMO2	1873	1566	19	0	396	1
RPS15A	1890	0	1890	1890	0	1890
GPRC5B	6	31	14	0	0	0
ACSM3	53	0	41	16	0	5
ERI2	0	18	0	3	0	2
NPIPB3	1845	1713	1878	0	0	1
EIF3CL	7	1880	10	1753	0	1836
CLN3	1472	1168	1429	0	0	0
APOBR	79	0	87	0	0	0
NUPR1	1	1493	0	0	0	0
EIF3C	1890	1887	1890	207	0	216
NPIPB11	2	1041	2	1170	0	1171
SLX1B	45	1286	412	598	13	232
SULT1A4	77	614	82	613	1	480
SLX1A	1315	1556	943	2	2	21
SULT1A3	799	1230	753	15	0	26
SEPT1	44	77	0	0	41	75
ZNF768	9	927	9	0	0	0
SRCAP	1	0	0	61	0	0
ZNF629	0	0	23	0	0	166
PRSS53	0	37	1	0	0	0
VKORC1	1880	1858	1882	0	0	0
SLC5A2	0	1753	0	1754	0	1754
SIAH1	355	807	233	4	0	12
NKD1	0	0	0	34	0	30
MT1M	47	0	34	0	0	0
MT1G	0	106	0	64	0	64
NUP93	0	0	0	37	0	27
PLLP	1	180	0	261	0	293
SETD6	0	71	0	6	0	1
CNOT1	19	0	0	0	0	0
B3GNT9	57	1051	56	14	0	14
FBXL8	447	621	434	0	0	0
TSNAXIP1	0	1	0	29	0	26
NFATC3	0	248	0	328	0	255
SLC7A6	0	335	0	5	0	0
SLC7A6OS	1	1109	0	599	0	905
HAS3	0	12	0	61	0	56
VPS4A	57	0	0	184	0	0
COG8	0	801	0	22	0	548
PDF	0	577	0	698	0	553
NFAT5	27	0	41	79	0	98
PDPR	0	0	0	0	0	36
SF3B3	0	0	0	65	0	39
MTSS1L	0	45	0	0	0	0
ZNF23	11	27	8	0	0	0
HPR	2	102	2	117	0	117
CTRB1	0	225	0	70	0	70
CMC2	0	436	0	1810	0	1667
GCSH	595	10	877	0	0	0
HSBP1	9	0	0	48	0	4
MLYCD	934	788	0	0	0	0
WFDC1	0	522	0	0	0	0
FOXF1	33	0	0	0	0	0
CA5A	0	24	0	3	0	2
PIEZO1	30	0	16	1	0	0
RPL13	0	1	0	1890	0	1890
CDK10	212	0	0	0	0	0
SPATA2L	0	25	0	0	0	0
FANCA	3	52	3	19	0	21
TUBB3	0	102	99	101	98	0
DOC2B	0	65	0	0	2	180
TIMM22	369	0	405	28	0	30
ABR	199	29	223	0	0	0
TLCD2	0	1	0	0	0	79
HIC1	0	18	0	53	0	40
SRR	0	528	0	526	0	450
METTL16	38	0	63	0	0	0
TRPV1	1	96	1	33	0	53
TAX1BP3	0	64	0	0	0	0
EMC6	356	1731	347	0	0	0
ITGAE	25	0	15	636	0	604
MED11	9	95	8	0	0	0
CHRNE	0	262	0	291	0	293
ENO3	0	1377	0	783	0	778
TXNDC17	1	0	1	420	0	446
RNASEK	1881	1829	1862	0	0	0
C17orf49	1726	1699	1689	0	0	0
CD68	47	0	19	113	0	67
TRAPPC1	22	0	8	0	0	0
VAMP2	1863	1889	1862	0	0	0
SLC25A35	0	100	0	318	0	321
RPL26	10	0	8	1824	0	1839
HS3ST3B1	0	35	0	6	0	7
CDRT4	243	614	230	5	0	6
TRIM16	574	506	577	0	0	0
PLD6	2	163	2	0	0	0
SMCR8	0	20	0	21	0	92
LYRM9	164	20	195	0	0	0
TMEM97	22	664	19	91	0	86
TNFAIP1	0	50	0	0	0	0
SARM1	0	46	0	11	0	15
SLC46A1	8	299	8	0	0	0
RPL23A	107	0	1569	1890	0	1890
MYO18A	20	0	6	0	0	0
EVI2A	0	165	0	0	0	0
RFFL	11	262	11	0	0	0
CCL15	10	1802	11	1771	0	1767
TBC1D3G	0	30	12	29	12	0
TBC1D3F	0	0	306	0	304	254
TBC1D3	7	251	25	247	30	2
CISD3	0	72	0	7	0	1
RPL23	2	0	2	1888	0	1890
NR1D1	8	0	5	69	0	68
SMARCE1	1807	22	1831	0	0	0
KRT10	5	0	2	39	0	36
RAB5C	666	1830	484	0	0	0
PSMC3IP	0	229	0	368	0	339
CNTD1	0	1316	0	1319	0	1319
PTGES3L-AARSD1	0	1536	0	1536	0	1536
AARSD1	668	45	635	0	0	0
RND2	110	0	0	0	0	0
LSM12	49	46	91	0	0	0
HEXIM1	1	0	3	1	0	36
LRRC37A	0	30	0	5	0	4
LRRC37A2	359	304	345	0	0	0
ARL17A	85	2	33	0	0	0
HOXB4	301	0	306	0	0	0
SAMD14	0	286	0	302	0	290
CHAD	21	0	9	57	0	66
NME1	1423	923	1428	0	0	0
NME1-NME2	1890	1890	1890	0	0	0
MRPS23	4	873	0	0	0	0
NACA2	0	1779	0	1779	0	1779
STRADA	908	42	841	0	0	0
CACNG4	0	19	0	0	0	0
FAM104A	0	461	0	163	0	62
C17orf80	0	369	0	0	0	0
RPL38	8	0	9	1890	0	1890
ATP5H	0	30	0	0	0	0
MYO15B	7	0	1786	0	0	1141
SMIM5	81	71	57	0	0	0
MRPL38	1862	1654	1878	0	0	0
FBF1	263	0	0	325	289	0
CDK3	1	0	0	57	0	28
ZACN	289	1838	79	1287	50	1424
MFSD11	0	274	0	284	0	253
BIRC5	15	53	15	0	0	0
SLC25A10	282	851	272	0	0	0
ANAPC11	896	0	886	0	0	0
MAFG	115	1637	116	0	0	0
CCDC57	175	0	191	60	0	67
TBCD	4	0	0	42	0	6
TYMS	1	6	1	177	0	205
VAPA	0	0	0	153	0	173
GNAL	1	171	1	30	0	20
MPPE1	53	1	79	0	0	0
TUBB6	13	32	5	0	0	0
LDLRAD4	29	0	36	15	0	19
SNRPD1	18	1872	42	3	0	1
PIK3C3	410	0	531	229	0	270
ATP5A1	0	99	0	0	0	0
SMAD2	0	0	0	1120	0	1138
C18orf32	46	1	213	0	0	0
RPL17	1890	150	1890	321	0	257
NEDD4L	20	0	1	19	0	0
SERPINB2	26	84	25	0	0	0
SERPINB10	0	203	0	203	0	203
CYB5A	0	1815	0	1646	0	1206
NDUFS7	0	0	0	99	0	16
RPS15	0	0	0	29	0	1
C19orf25	673	257	683	0	0	0
MBD3	1831	1676	1834	0	0	0
UQCR11	182	800	277	0	0	0
JSRP1	0	1884	0	1888	0	1888
TIMM13	53	3	47	0	0	0
DIRAS1	1	269	2	0	0	0
C19orf71	129	0	130	824	0	824
PLIN4	1	46	1	2	0	2
FEM1A	924	0	61	11	5	0
RPL36	453	0	354	0	0	0
NDUFA11	1890	1884	1890	644	0	651
MLLT1	0	28	0	0	25	1190
C3	19	0	15	54	0	49
ARHGEF18	221	1663	256	0	0	0
ZNF358	1700	1873	1709	0	0	0
PET100	1388	321	1358	0	0	0
TRAPPC5	1803	103	1882	417	14	1490
NDUFA7	1877	1890	1879	0	0	0
RPS28	1510	51	1356	1890	0	1889
ZNF559	259	28	145	0	0	0
ZNF177	0	51	0	0	0	32
UBL5	0	27	0	5	0	5
ANGPTL6	0	555	0	619	0	620
PPAN	1285	1611	1242	0	0	0
P2RY11	0	772	0	334	0	361
S1PR2	0	4	0	0	1	233
RAVER1	0	0	0	22	0	6
TMED1	0	19	0	17	0	12
LDLR	18	3	21	0	0	0
RAB3D	57	0	52	481	0	415
ZNF700	0	32	0	0	0	0
ZNF625	32	0	27	0	0	0
WDR83	0	726	0	725	0	635
HOOK2	0	137	0	54	0	54
GADD45GIP1	152	0	0	994	0	0
TECR	3	11	3	247	0	190
AP1M1	0	472	0	0	0	0
C19orf44	0	467	0	719	0	842
SLC35E1	5	66	17	0	0	0
SMIM7	1733	1213	1803	0	0	0
RPL18A	1884	0	1888	1890	0	1890
IFI30	1389	1435	1359	0	0	0
PDE4C	42	0	41	19	0	19
UBA52	0	0	0	616	0	440
MEF2B	0	336	0	369	0	363
YJEFN3	0	66	0	0	0	0
ZNF90	0	1247	0	1198	0	1208
UQCRFS1	1890	33	31	0	0	0
POP4	1501	0	1441	1421	0	1347
CEBPA	11	0	854	0	214	945
DMKN	1	0	1	258	0	293
GAPDHS	0	0	0	164	0	164
IGFLR1	176	341	194	0	0	0
U2AF1L4	1538	1402	1563	0	0	0
LIN37	28	116	69	0	0	0
ZNF540	0	84	0	0	0	0
C19orf33	878	1031	903	0	0	0
CAPN12	4	1252	4	1093	0	1122
LGALS7	1	134	6	72	0	72
SARS2	922	681	882	0	0	0
EGLN2	1826	1637	1838	0	0	0
BCKDHA	898	1861	1742	60	0	0
RPS19	1746	0	1762	1308	0	1359
ZNF575	0	73	0	103	0	103
IRGQ	4	66	2	0	0	0
PVR	0	66	0	0	0	0
APOC2	92	137	149	103	109	0
GEMIN7	117	123	142	0	0	0
CKM	2	35	1	311	0	316
GNG8	0	2	0	23	0	24
C19orf68	0	0	0	0	0	29
RPL18	0	0	0	761	0	653
BCL2L12	0	0	1	20	0	49
ADM5	103	0	105	0	0	0
IL4I1	0	92	0	92	0	92
NUP62	816	1644	902	80	0	77
SPIB	70	97	76	0	0	0
FAM71E1	0	55	0	103	0	104
EMC10	1	169	0	0	0	0
ETFB	0	1820	0	0	0	0
SIGLEC5	4	27	4	2	0	1
NDUFA3	1831	0	1845	448	0	609
LENG1	24	0	12	588	0	511
RPS9	495	0	0	286	0	0
LILRB3	217	200	174	0	0	0
RPL28	1868	0	1875	1890	0	1890
EPN1	0	672	0	70	0	0
ZNF776	12	110	13	0	0	0
ZNF587	11	310	17	0	0	0
ZNF135	0	1144	0	1248	0	1248
ZSCAN18	798	100	1091	0	0	0
A1BG	121	0	113	9	0	8
ZCCHC3	0	0	336	0	0	613
SRXN1	219	1779	212	0	0	0
MAVS	0	4	0	0	0	620
PET117	0	466	0	7	0	1
HM13	0	1	0	19	0	6
MMP24	77	0	83	167	0	176
C20orf24	519	1091	490	1	0	1
SLA2	0	63	0	81	0	83
TLDC2	20	799	17	465	0	479
EMILIN3	0	344	0	311	0	302
DBNDD2	1769	1765	1774	1	0	1
SNX21	0	106	0	0	0	1
UBE2V1	1885	1885	1887	1	0	1
BCAS4	544	2	459	294	0	268
FAM209A	0	1637	0	1638	0	1638
NPEPL1	1510	676	1374	1	0	1
GNAS	0	1	0	46	0	10
ATP5E	1890	1890	1890	1	0	1
RPS21	22	1	22	6	0	6
MRGBP	69	1	0	0	0	0
GID8	83	1	0	0	0	1
RTEL1	105	1339	94	3	0	2
ZGPAT	861	1777	1036	0	0	0
SOX18	0	29	0	1	0	1
MRAP	0	114	0	109	0	109
URB1	0	0	0	19	0	20
C21orf59	1557	1710	1520	1	0	1
DONSON	0	113	0	334	0	451
PIGP	330	0	309	66	0	59
DYRK1A	6	111	11	1	0	1
TFF1	75	0	75	147	0	147
U2AF1	2	1679	0	802	1	1854
SIK1	1209	1	1	567	527	1
PWP2	534	184	0	0	14	0
C21orf33	1194	1	0	1030	1106	1
SLC19A1	1	947	2	853	0	837
TUBA8	25	31	25	0	0	0
PRODH	0	25	0	2	0	8
USP41	33	0	23	31	0	20
GGT2	0	28	0	44	0	31
YPEL1	0	171	0	362	0	345
GGTLC2	0	36	0	36	0	36
IGLL5	842	1	890	966	0	968
GNAZ	0	85	0	0	0	0
RGL4	106	0	106	412	0	412
CHCHD10	33	0	26	1	0	1
GSTT2B	608	1097	0	1	349	997
DDTL	48	1887	46	1887	0	1887
SPECC1L	407	1535	411	0	0	0
ADORA2A	36	78	36	0	0	0
MTFP1	89	482	85	0	0	0
SH3BP1	0	48	0	49	0	49
PDXP	129	558	141	5	0	0
TRIOBP	1756	1678	1758	1	0	1
C22orf23	472	0	186	593	2	571
POLR2F	1785	0	1829	1814	0	1849
POLR3H	0	272	0	407	0	278
CSDC2	0	6	0	37	0	38
SERHL2	0	4	0	49	0	46
ARHGAP8	442	540	435	3	0	3
MAPK12	0	120	0	92	0	89
SCO2	2	2	0	282	0	267
CPT1B	908	1149	976	0	0	0
GTPBP6	1885	1	59	1888	1077	345
PPP2R3B	233	0	0	41	37	0
CSF2RA	28	0	0	57	2	0
IL3RA	774	0	766	1322	24	1322
SLC25A6	1	1	704	1	0	1818
P2RY8	0	0	67	0	0	100
AKAP17A	0	1	65	1	0	454
DHRSX	60	0	0	146	0	0
ZBED1	4	1	1480	0	0	1564
TXLNG	0	64	0	0	0	0
ATP6AP2	0	47	0	1	0	1
NDUFB11	82	1	85	1	0	1
MAGED4B	514	146	381	0	0	0
MAGED4	0	195	9	137	2	5
FAM156B	883	1487	1035	0	1	2
FAM156A	923	1008	1059	0	1	0
CITED1	44	51	47	0	0	0
PGAM4	0	929	0	929	0	929
RPL36A	1890	63	1890	1890	0	1890
HNRNPH2	1812	1889	1819	9	0	9
TCEAL1	1407	1620	1409	1	0	1
DOCK11	0	1	0	0	18	0
RPL39	1890	167	1890	1890	0	1890
NDUFA1	399	1	421	1	0	1
GLUD2	33	0	33	1035	0	1035
IDS	41	577	44	947	688	1
TMEM185A	25	0	5	0	0	0
TREX2	0	796	0	797	0	797
HAUS7	1019	374	935	1	0	1
SRPK3	0	280	0	481	0	489
RPL10	0	114	0	1890	0	1890
IKBKG	0	0	464	1	0	1
FUNDC2	365	1	477	1887	0	1889
MTCP1	651	374	343	0	0	0
F8A3	20	61	3	5	4	12
VAMP7	1725	1	1462	1753	0	1728
